%YAML:1.0
---
image_width: 640
image_height: 480
camera_matrix: !!opencv-matrix
   rows: 3
   cols: 3
   dt: d
   data: [ 8.1749032131395222e+02, 0., 3.3233594884743309e+02, 0.,
       8.1270464586541937e+02, 2.4877558369318589e+02, 0., 0., 1. ]
distortion_coefficients: !!opencv-matrix
   rows: 1
   cols: 5
   dt: d
   data: [ 6.4049191220073326e-02, 2.1520829393606836e-01,
       7.9416470053322481e-03, -1.7555893433346440e-03,
       -1.5659271608088505e+00 ]
