%YAML:1.0
---
image_width: 640
image_height: 480
camera_matrix: !!opencv-matrix
   rows: 3
   cols: 3
   dt: d
   data: [ 6.2121434319154162e+02, 0., 3.1659980663798990e+02, 0.,
       6.2058011055538293e+02, 2.3959968710700144e+02, 0., 0., 1. ]
distortion_coefficients: !!opencv-matrix
   rows: 1
   cols: 5
   dt: d
   data: [ 1.0490712303160293e-01, -1.7017132730919626e-01,
       -9.3470931657330374e-04, -1.2372154037007782e-03,
       -7.0186269579793514e-02 ]
